.Random.seed <-
c(403L, 10L, 775508316L, 2043324511L, -1344608203L, -278860852L, 
91709218L, -1570864771L, 2697847L, -1488342114L, 1334084184L, 
1933126587L, 1419664729L, -1887168792L, -762878186L, 265496721L, 
286942531L, -895541166L, -519273756L, -327183065L, 1543892349L, 
-1180605324L, -1933201830L, -1295852891L, -2061246273L, -1585831098L, 
655880656L, -1043409933L, -1410929903L, 2448192L, -1354046690L, 
1521478633L, 1678614811L, 727767850L, 1086413900L, 1267405839L, 
1064099653L, 549959932L, -615168174L, -2102753075L, 168155271L, 
-1581397138L, -1820123832L, -698906293L, 520477865L, 601718264L, 
-1179638490L, -997763519L, 435019731L, -1482721918L, -409167436L, 
177956151L, 1536536621L, 672562500L, 596834922L, 865113301L, 
-1241767313L, -507082890L, 819062944L, -708066973L, -566128127L, 
-111599248L, -1164508914L, -237046919L, -2004501749L, 482206778L, 
1998390076L, 445651071L, 1715272661L, -729180692L, 1583634242L, 
-2093410147L, 699048215L, 487503998L, 34705464L, 1703151387L, 
742589561L, 124882120L, 1202806006L, -411919055L, 1182760291L, 
-1074798798L, 1689163908L, 602522823L, -766269539L, -828968172L, 
1113645498L, -837748731L, -178876961L, 1157873766L, -1003425808L, 
-1358149357L, -2103970127L, -578469536L, -1105758466L, -1474375031L, 
1922854331L, -106645622L, 268975724L, -552574993L, 1327986725L, 
-492463908L, 535838386L, -1559023187L, 1384772967L, 1697071758L, 
-144045208L, -9669781L, -549466871L, 854590360L, -1797287226L, 
-862218207L, -1980093261L, -474862046L, -378556396L, 1694692503L, 
636460685L, -1396715612L, -898297462L, -1016377867L, -299065265L, 
1428870998L, -61092352L, 1263370051L, 489789153L, 1715942480L, 
-491930450L, -1588246439L, -905058197L, -2103874086L, 1256412828L, 
-1643960161L, -1422122251L, 1842274188L, -274657694L, -2093600195L, 
2084306103L, 2118157150L, -1107515752L, 496682491L, 1957451673L, 
-1646600152L, -1193039658L, -1374835375L, 1274379267L, -97623150L, 
1990644004L, 1901119463L, 1251621949L, -375887180L, -1812772582L, 
733989477L, -16335105L, 2132165510L, 93472016L, 191765939L, -486080943L, 
-1125286400L, 342219486L, -547161815L, -347912997L, -359709718L, 
73528204L, 1838019791L, 171596933L, 1971705660L, 308856338L, 
-415021811L, -1480643001L, -823479250L, 1101052296L, 628162699L, 
9394793L, -176331208L, -495100186L, -1540097407L, -1105074669L, 
-157863486L, -1567294860L, 329948279L, -1920014995L, -1545897468L, 
-1662510806L, -377426283L, -1371192017L, -1845460938L, 984773728L, 
-1212679517L, -1258467903L, -1117738576L, -1725761330L, 1862174265L, 
987764811L, 1031145978L, -1384987396L, -1099536065L, 1874650645L, 
1633809708L, -1519176190L, -1051538211L, 235157463L, -61734210L, 
2081772792L, 988752603L, 1935438137L, 1827501192L, -503581642L, 
350802033L, -1613233501L, -864495630L, 838335300L, -1864543225L, 
-68963875L, 584445652L, -1949494790L, 1010040133L, -1395275361L, 
-1408713946L, -1587633232L, 712454227L, 1173859185L, -711173472L, 
445181502L, -1896626871L, 851360763L, 1207943114L, -1820749524L, 
2130677039L, 1766847461L, 2060354100L, -749040952L, -1925596486L, 
2074150032L, 1726609132L, 1160601172L, 2102888082L, 1683756832L, 
2016888780L, -1415569184L, 925056706L, 920519720L, -469660756L, 
-1508861252L, 1974487538L, 2125223472L, -373307484L, 1646629304L, 
145224538L, 2133390480L, -1518273668L, 1295283988L, -1152823998L, 
741523200L, 22475708L, 1767640912L, -683583198L, -1851481528L, 
-137531380L, -1715604388L, 364691922L, -1613373952L, 2044522836L, 
-1188663064L, 212242682L, -1224571184L, -1031532244L, 2133233908L, 
1773186450L, 2095098208L, -1262688244L, 1840308960L, 480901730L, 
-1354001752L, -1014207924L, 473046908L, 1566164274L, 2061514352L, 
-1190653116L, -1050499112L, 1002493818L, -1864047056L, 917166012L, 
-1396787628L, -2125684670L, 317698208L, 1198519996L, 1680013776L, 
-1498033310L, 605876968L, -1176657716L, 644489724L, -927571470L, 
-1557616000L, 1204313588L, -856840568L, 1184898874L, 934499152L, 
2125139052L, 854258068L, 480769106L, -1170161184L, 1111059660L, 
-837663584L, 592086402L, -1773606680L, 1795774188L, 260523324L, 
158162034L, 950286448L, 1515401252L, -1045341128L, -351670502L, 
1545579728L, 1026342716L, 945960852L, -913579134L, -163419712L, 
-1468072388L, 1966302608L, -1069375966L, 122340616L, -419594612L, 
794750748L, 235667602L, 1660385664L, 1468192276L, 110800680L, 
176187962L, 1870216656L, 389319020L, 10486708L, 1109112850L, 
-56359456L, -198125620L, 1342161120L, -325142494L, -1416515288L, 
-1082552820L, 1440114492L, -2052451342L, 1409510128L, -113955260L, 
-1394568616L, 722689850L, 1648563696L, -1999046980L, 995498260L, 
-690892094L, -126843808L, -2088299652L, -354588720L, 640069922L, 
-652395864L, -1061389428L, 237422780L, -1738604750L, 1736698432L, 
1950948532L, 423817800L, -1912015430L, -1522007536L, -662936852L, 
1029677396L, 661365010L, -1232507488L, -1707265332L, -93159840L, 
837572546L, 810399528L, -766431316L, 2119480124L, 1091504498L, 
349248304L, 1504820516L, -94041288L, 1007873754L, 29181840L, 
-2089054468L, -987513964L, -300273598L, -1815866112L, 1640285244L, 
-312082096L, -880574302L, 481177928L, 688391948L, 1702494940L, 
-666591918L, 1868158080L, 167669844L, -222048280L, 766011642L, 
-38790320L, 2016263980L, 1682164084L, -403919982L, 291567712L, 
468295052L, -1693205664L, 2101246434L, 1699173288L, -772533044L, 
2061881340L, -507697742L, 629626352L, -818615356L, -244959912L, 
-423323270L, 366625712L, -320792132L, 475744340L, -1660713022L, 
561319968L, 2064943292L, 1691673168L, -2096028702L, 1550245992L, 
-964119476L, -1170872068L, 752528370L, -542775040L, -1935388300L, 
1955298312L, 884461498L, -1697381936L, -1755583508L, 1136046484L, 
1050931666L, 1681285472L, 29941580L, -1244489440L, 261926786L, 
-442949912L, -2077388564L, -1723354052L, -1155847310L, 373915248L, 
1704424484L, 1311722296L, -177337190L, -323390768L, -174620484L, 
-1139298668L, -1084373374L, 1859492032L, -723193028L, -5628784L, 
2044747298L, 1197686792L, 1241251084L, 699047068L, 1271471634L, 
-523059328L, -1916604908L, -2027582936L, 446973242L, -1590693512L, 
-454487978L, 1081859299L, 1492654757L, -1929664702L, 1850185008L, 
-664550055L, 744957643L, -337305796L, -588908694L, -935193185L, 
1277668393L, 847097534L, -942374996L, -1008352003L, 422756423L, 
1856962352L, 210561102L, -1552849797L, 348424157L, 1560835594L, 
424151848L, 1417377169L, 1105636227L, -1807986556L, 1344814770L, 
339706375L, -236055983L, 941394390L, -2079869772L, -1997688635L, 
-1817574897L, -1135953272L, -2143821914L, -571443373L, -1569650507L, 
27624978L, 251294688L, -1194998199L, 923579515L, 1260189004L, 
506675418L, -729902897L, -410538855L, 845385902L, 1443564988L, 
-331958739L, 1495871959L, 1157969952L, -884793986L, -1393917109L, 
-1399125683L, -826587270L, -1956132424L, 1825733473L, 956529427L, 
-523406540L, 746279234L, 1515193687L, 807608481L, 1741097318L, 
139787108L, 1169691285L, -2042940481L, -696776872L, -2038252170L, 
-993263741L, 1034962373L, -1534059806L, 620045136L, -497222023L, 
-471899733L, -1686898916L, -232161206L, -1283152833L, -1399978871L, 
-1515401058L, 2007915852L, -1208767203L, 788342951L, -10491952L, 
-1369567378L, 792086043L, 1464938365L, -367512214L, 1474259976L, 
593892529L, -1922272477L, 660226084L, 972821202L, 456718119L, 
598329713L, 1645866934L, 988521300L, -1269756443L, 17143791L, 
-1063651544L, 325930886L, -585294925L, 627739413L, -957717134L, 
331323840L, -1635149271L, -1786397029L, 1329268588L, 115736442L, 
1800390831L, -387710023L, 1469277646L, 1507234076L, 1137054861L, 
748280055L, 1087140864L, -102836642L, -1035130581L, 1176975917L, 
2069219994L, 423761496L, 301627841L, -32209293L, 785122196L, 
-1017316830L, -789789385L, -19045375L, 557295878L, 28269892L, 
1117053045L, 854208991L, -1932829384L, 43323158L, 1446113059L, 
-2114360091L, 1389992194L, 1687657328L, -1274186983L, -1363737845L, 
1199427580L, -1648792534L, -1758363553L, 724117481L, 284895486L, 
